0.015824918642558587
0.9694076254821418
0.8339614783571854
0.3905667492144586
0.255354047406164
0.7354747553986846
0.12421398569094669
0.6644575077409193
0.5373326016298181
0.9490355923534537
0.4412006844958294
0.2599043214041294
0.21192983920310152
0.9048074865270441
0.09942606002996958
0.053790923698707915
0.0640546041839079
0.5657325189401081
0.26644582639748504
0.15500426253071253
0.1566403536855431
0.654424392922979
0.9107718565085772
0.3425923396565916
0.949452608334577